              precision    recall  f1-score   support

           0       0.62      0.53      0.57     39998
           1       0.00      0.00      0.00      2504
           2       0.87      0.90      0.89    409984
           3       0.67      0.60      0.63    133755
           4       1.00      0.99      1.00    119992
           5       0.75      0.86      0.80    100705
           6       0.83      0.83      0.83     74291
           7       0.00      0.00      0.00      4759

    accuracy                           0.83    885988
   macro avg       0.59      0.59      0.59    885988
weighted avg       0.82      0.83      0.83    885988
