              precision    recall  f1-score   support

           0       0.00      0.00      0.00       615
           1       0.56      0.67      0.61     39998
           2       0.95      0.02      0.03      1126
           3       0.81      0.11      0.19      1034
           4       0.98      0.99      0.99     39996
           5       0.84      0.71      0.77      5519
           6       1.00      1.00      1.00     40000
           7       0.99      0.98      0.99     39996
           8       1.00      1.00      1.00     40000
           9       1.00      1.00      1.00     40000
          10       0.72      0.93      0.81      4480
          11       0.41      0.86      0.55     40000
          12       0.45      0.19      0.27     39999
          13       0.74      0.42      0.54     39999
          14       0.85      0.43      0.57     39999
          15       0.99      0.99      0.99     39996
          16       1.00      0.15      0.26      2504
          17       0.73      0.68      0.70     34293
          18       0.89      0.92      0.90     13759
          19       0.66      0.30      0.42     39999
          20       0.59      0.85      0.70     39999
          21       0.62      0.92      0.74     39998
          22       0.99      0.99      0.99     39997
          23       0.99      0.99      0.99     39998
          24       0.99      1.00      0.99     39997
          25       0.70      0.66      0.68     39998
          26       0.65      0.68      0.67     25735
          27       0.43      0.08      0.13     18793
          28       0.00      0.00      0.00       432
          29       0.49      0.30      0.37     15746
          30       0.00      0.00      0.00      1004
          31       0.00      0.00      0.00       239
          32       0.47      0.75      0.58     39999
          33       0.00      0.00      0.00       741

    accuracy                           0.75    885988
   macro avg       0.66      0.58      0.57    885988
weighted avg       0.77      0.75      0.74    885988
