              precision    recall  f1-score   support

           0       0.66      0.54      0.60     39998
           1       1.00      0.15      0.26      2504
           2       0.87      0.92      0.89    409984
           3       0.70      0.59      0.64    133755
           4       1.00      1.00      1.00    119992
           5       0.78      0.88      0.83    100705
           6       0.86      0.86      0.86     74291
           7       0.74      0.02      0.05      4759

    accuracy                           0.85    885988
   macro avg       0.83      0.62      0.64    885988
weighted avg       0.84      0.85      0.84    885988
