              precision    recall  f1-score   support

           0       0.64      0.59      0.61     39998
           1       1.00      0.15      0.26      2504
           2       0.88      0.90      0.89    409984
           3       0.68      0.62      0.65    133755
           4       1.00      1.00      1.00    119992
           5       0.77      0.89      0.83    100705
           6       0.91      0.83      0.87     74291
           7       0.62      0.04      0.07      4759

    accuracy                           0.85    885988
   macro avg       0.81      0.63      0.65    885988
weighted avg       0.84      0.85      0.84    885988
