              precision    recall  f1-score   support

           0       0.62      0.61      0.62     39998
           1       1.00      0.15      0.27      2504
           2       0.87      0.91      0.89    409984
           3       0.69      0.59      0.64    133755
           4       1.00      1.00      1.00    119992
           5       0.78      0.88      0.83    100705
           6       0.90      0.83      0.87     74291
           7       0.73      0.04      0.07      4759

    accuracy                           0.84    885988
   macro avg       0.82      0.63      0.65    885988
weighted avg       0.84      0.84      0.84    885988
