              precision    recall  f1-score   support

           0       0.70      0.64      0.67     39998
           1       1.00      0.12      0.21      2504
           2       0.88      0.92      0.90    409984
           3       0.70      0.61      0.65    133755
           4       1.00      1.00      1.00    119992
           5       0.78      0.90      0.84    100705
           6       0.93      0.87      0.90     74291
           7       0.98      0.08      0.14      4759

    accuracy                           0.86    885988
   macro avg       0.87      0.64      0.66    885988
weighted avg       0.85      0.86      0.85    885988
