              precision    recall  f1-score   support

           0       0.64      0.53      0.58     39998
           1       0.00      0.00      0.00      2504
           2       0.89      0.88      0.89    409984
           3       0.65      0.67      0.66    133755
           4       1.00      1.00      1.00    119992
           5       0.76      0.90      0.82    100705
           6       0.88      0.84      0.86     74291
           7       0.86      0.03      0.06      4759

    accuracy                           0.84    885988
   macro avg       0.71      0.60      0.61    885988
weighted avg       0.84      0.84      0.84    885988
