              precision    recall  f1-score   support

           0       0.70      0.69      0.70     39998
           1       0.83      0.22      0.35      2504
           2       0.88      0.92      0.90    409984
           3       0.71      0.62      0.66    133755
           4       1.00      1.00      1.00    119992
           5       0.81      0.89      0.85    100705
           6       0.94      0.88      0.91     74291
           7       0.74      0.20      0.31      4759

    accuracy                           0.86    885988
   macro avg       0.83      0.68      0.71    885988
weighted avg       0.86      0.86      0.86    885988
